===== REPORT RAW CHUNK DUMP (208 bytes) =====
08 26 c0 00 02 1d 00 38 02 57 0a 05 00 00 00 00 
71 18 1e 05 fb ff ff ff 83 00 00 00 00 00 04 00 
00 00 60 45 0c 00 1c ed 38 b6 0d 00 05 00 00 80 
3a b6 0c ed 38 b6 98 57 04 00 00 80 3a b6 1c ed 
38 b6 40 ed 38 b6 b4 5b 04 00 07 00 16 00 1b ed 
38 b6 28 00 00 00 80 45 0c 00 2c ed 38 b6 2c ed 
38 b6 44 ed 38 b6 80 45 0c 00 07 00 16 01 5c ed 
38 b6 00 00 00 00 40 ed 38 b6 94 ed 38 b6 94 ed 
38 b6 08 00 00 00 80 45 0c 00 07 00 16 00 5c ed 
00 00 00 00 00 00 08 00 00 00 00 00 00 00 00 00 
00 00 00 00 00 00 00 00 00 00 00 00 00 00 00 00 
00 00 00 00 00 00 00 00 00 00 00 00 00 00 00 00 
00 00 00 00 00 00 00 00 00 00 00 00 00 00 00 00 
===========================================
