CUTE-1 (CO-55)          
1 27844U 03031E   26128.97894377  .00000242  00000+0  12374-3 0  9992
2 27844  98.6748 138.0299 0008470 303.6695  56.3676 14.24311280186095
CUBESAT XI-IV (CO-57)   
1 27848U 03031J   26128.94778705  .00000210  00000+0  11154-3 0  9999
2 27848  98.6780 137.7433 0008677 324.4817  35.5783 14.23599657185796
CUBESAT XI-V            
1 28895U 05043F   26128.92429491  .00001142  00000+0  18795-3 0  9993
2 28895  98.2943 283.7343 0013387 334.8473  25.2080 14.72528648 95977
CUTE-1.7+APD II (CO-65) 
1 32785U 08021C   26129.46358632  .00003511  00000+0  22557-3 0  9996
2 32785  97.8266 110.0941 0009832 150.1468 210.0322 15.09087619979357
CANX-2                  
1 32790U 08021H   26129.47205198  .00002686  00000+0  19189-3 0  9990
2 32790  97.8631 108.5123 0010759 165.1046 195.0498 15.05344283978984
SEEDS II (CO-66)        
1 32791U 08021J   26129.53490015  .00013075  00000+0  43294-3 0  9990
2 32791  97.7532 125.6314 0005092  91.1474 269.0349 15.31438560981378
SWISSCUBE               
1 35932U 09051B   26129.30651368  .00000773  00000+0  16264-3 0  9997
2 35932  98.4059  36.5157 0006464 346.0075  14.0945 14.62405622883476
BEESAT-1                
1 35933U 09051C   26129.29588384  .00000650  00000+0  14056-3 0  9994
2 35933  98.3987  36.2211 0005314   3.5007 356.6230 14.61656191883501
ITUPSAT1                
1 35935U 09051E   26128.22506841  .00000647  00000+0  14375-3 0  9996
2 35935  98.4072  34.3677 0007794  12.9733 347.1666 14.60379872882906
TISAT 1                 
1 36799U 10035E   26129.35757299  .00016108  00000+0  55266-3 0  9992
2 36799  98.0692  72.5163 0003837  59.9584 300.2034 15.30249315861768
AEROCUBE 4.5A           
1 38767U 12048K   26129.53318730  .00119503  00000+0  71333-3 0  9994
2 38767  64.6299 166.0390 0019764 216.7760 143.2038 15.77033795366531
STRAND-1                
1 39090U 13009E   26129.48524191  .00000210  00000+0  84864-4 0  9994
2 39090  98.3917 310.6741 0008426 355.2659   4.8447 14.37140171691504
BRITE-AUSTRIA           
1 39091U 13009F   26129.48151487  .00000127  00000+0  57881-4 0  9995
2 39091  98.3988 309.8772 0010165   2.9540 357.1705 14.36526473691496
NEE-01 PEGASO           
1 39151U 13018B   26129.34130147  .00002475  00000+0  24090-3 0  9990
2 39151  98.1171 272.2253 0011281 294.0294  65.9744 14.93470711704906
POPACS 2                
1 39269U 13055E   26128.91061448  .00014703  00000+0  25226-3 0  9999
2 39269  80.9920 189.1231 0419805 320.1325  36.9726 14.90325554657365
POPACS 3                
1 39270U 13055F   26128.38759711  .00012939  00000+0  31052-3 0  9992
2 39270  81.0011 272.3074 0555040 191.0287 167.8332 14.55142260632760
ZACUBE-1 (TSHEPISOSAT)  
1 39417U 13066B   26129.47671522  .00003874  00000+0  30359-3 0  9998
2 39417  97.8124  91.6044 0042376  23.4307 336.8835 15.00888362674927
WNISAT-1                
1 39423U 13066H   26129.36866382  .00000396  00000+0  81055-4 0  9999
2 39423  97.7155 281.2912 0162971 354.6923   5.2543 14.58015227661074
TRITON-1                
1 39427U 13066M   26129.53072706  .00001160  00000+0  14466-3 0  9992
2 39427  97.8264  40.2185 0090455   1.4549 358.6910 14.81533105668361
GOMX-1                  
1 39430U 13066Q   26129.50630329  .00001467  00000+0  22686-3 0  9997
2 39430  97.6511 332.4073 0128236 201.1545 158.4331 14.69309091664230
CUBEBUG-2 (LO-74)       
1 39440U 13066AA  26129.40782529  .00003053  00000+0  28629-3 0  9993
2 39440  97.8886  78.2384 0058641 154.4064 206.0079 14.93476844671208
NEE-02 KRYSAOR          
1 39441U 13066AB  26129.37017609  .00001230  00000+0  14022-3 0  9997
2 39441  97.8876  68.8713 0065740 195.7722 164.1448 14.86476070670437
FUNCUBE-1 (AO-73)       
1 39444U 13066AE  26129.46954043  .00006573  00000+0  41405-3 0  9992
2 39444  97.8256 100.1281 0035840 338.2611  21.7094 15.08984310673828
UWE-3                   
1 39446U 13066AG  26128.84211439  .00003158  00000+0  27466-3 0  9997
2 39446  97.8687  84.6693 0051190  90.6298 270.0789 14.96703614671692
BRITE-CA1 (TORONTO)     
1 40020U 14033L   26129.30889472  .00000633  00000+0  10253-3 0  9993
2 40020  97.9683 258.9676 0079538  42.2047 318.5247 14.72623647636494
DUCHIFAT-1              
1 40021U 14033M   26129.10684207  .00070523  00000+0  93897-3 0  9991
2 40021  98.0510 183.0115 0005614 196.6222 163.4848 15.57905226649651
NANOSATC-BR1            
1 40024U 14033Q   26129.50828979  .00011961  00000+0  41152-3 0  9992
2 40024  98.0757 158.5041 0002181 344.2383  15.8788 15.30242502648066
QB50P1                  
1 40025U 14033R   26129.45496641  .00006677  00000+0  33503-3 0  9993
2 40025  98.0988 137.9036 0008728  10.8785 349.2634 15.17661614647150
QB50P2                  
1 40032U 14033Y   26129.52533624  .00005570  00000+0  30500-3 0  9997
2 40032  98.0759 124.0171 0006104 317.2310  42.8444 15.14665856646811
PERSEUS-M2              
1 40037U 14033AD  26129.52251635  .00001010  00000+0  96893-4 0  9994
2 40037  97.9939  79.2863 0013102  69.6458 290.6168 14.95387268645002
PERSEUS-M1              
1 40039U 14033AF  26129.36468797  .00001156  00000+0  10975-3 0  9994
2 40039  97.9623  72.8693 0012955  68.9578 291.3026 14.95500089644833
POLYITAN-1              
1 40042U 14033AJ  26129.52960976  .00012942  00000+0  42212-3 0  9996
2 40042  98.0980 152.1738 0005366 282.4820  77.5819 15.31941104647675
TIGRISAT                
1 40043U 14033AK  26129.37333003  .00001920  00000+0  22673-3 0  9998
2 40043  97.7786 280.2898 0048997 200.4241 159.5016 14.84997450639864
AEROCUBE 6A             
1 40045U 14033AM  26129.41162832  .00006012  00000+0  50997-3 0  9992
2 40045  97.7208 296.7927 0040112 143.5697 216.8267 14.97675296640810
AEROCUBE 6B             
1 40046U 14033AN  26129.45124795  .00005226  00000+0  42879-3 0  9999
2 40046  97.7179 296.5458 0037663 136.7298 223.6894 14.99102141640956
CANX-4                  
1 40055U 14034C   26129.37684689  .00000681  00000+0  94770-4 0  9992
2 40055  98.3174   3.2570 0013726 131.8729 228.3656 14.81192728638782
CANX-5                  
1 40056U 14034D   26129.37572764  .00000680  00000+0  94571-4 0  9991
2 40056  98.3175   3.2970 0013718 132.0868 228.1512 14.81209762629591
UKUBE-1                 
1 40074U 14037F   26129.48498253  .00006243  00000+0  35857-3 0  9998
2 40074  98.4248 128.7128 0000610  34.8391 325.2877 15.12937450642706
BRITE-PL2 (HEWELIUSZ)   
1 40119U 14049B   26129.27282955  .00001524  00000+0  14672-3 0  9997
2 40119  97.9054 240.9869 0012858 235.3242 124.6766 14.94450146635637
AEROCUBE 5C             
1 40965U 15058B   26129.41131418  .00002478  00000+0  22682-3 0  9999
2 40965  64.7688  23.1989 0129721  78.5164 283.0482 14.91233329359876
AEROCUBE 7              
1 40966U 15058C   26129.38361517  .00003591  00000+0  29486-3 0  9997
2 40966  64.7639   6.3285 0119538  77.2382 284.2060 14.95423752360151
FOX-1A (AO-85)          
1 40967U 15058D   26129.17786542  .00002638  00000+0  24403-3 0  9999
2 40967  64.7764  40.1896 0128848  71.8916 289.6180 14.90739330107756
SINOD-D 1               
1 40968U 15058E   26129.43305647  .00003706  00000+0  30389-3 0  9999
2 40968  64.7769  20.2459 0117348  68.5932 292.7653 14.95601826110869
SNAP-3 ALICE            
1 40970U 15058G   26129.48208678  .00052074  00000+0  80928-3 0  9999
2 40970  64.7528 236.8933 0032449  32.9824 327.3333 15.53025140110864
LMRST-SAT               
1 40971U 15058H   26129.19043075  .00002551  00000+0  23782-3 0  9996
2 40971  64.7772  36.4153 0130649  73.8902 287.6547 14.90364851107749
SNAP-3 EDDIE            
1 40972U 15058J   26129.50151381  .00056555  00000+0  84130-3 0  9999
2 40972  64.7446 227.8268 0032946  36.6570 323.6817 15.54175489113005
PROPCUBE 3              
1 40973U 15058K   26129.38812498  .00003194  00000+0  27198-3 0  9991
2 40973  64.7705  13.7335 0122836  75.3597 286.1098 14.93992528109000
BISONSAT                
1 40974U 15058L   26129.43658672  .00010221  00000+0  50777-3 0  9998
2 40974  64.7596 298.8436 0078564  64.2013 296.7189 15.15409034109744
SNAP-3 JIMI             
1 40975U 15058M   26128.97478197  .00005653  00000+0  39543-3 0  9990
2 40975  64.7663 343.7988 0104827  71.6039 289.6442 15.01896433108339
PROPCUBE 1 (FLORA)      
1 40976U 15058N   26129.24383258  .00002400  00000+0  23341-3 0  9991
2 40976  64.7754  55.9091 0129467  76.1585 285.3892 14.89000130110466
SINOD-D 3               
1 40977U 15058P   26129.07832184  .00003756  00000+0  32310-3 0  9991
2 40977  64.7738  37.9141 0117944  73.7488 287.6562 14.93717031108913
HORYU-4                 
1 41340U 16012D   26129.32452191  .00143569  00000+0  82688-3 0  9991
2 41340  30.9890 359.7252 0005887 353.9917   6.0668 15.77138808564640
RAVAN                   
1 41849U 16067B   26129.24894951  .00035735  00000+0  61053-3 0  9998
2 41849  97.9938  14.4343 0007155 129.4238 230.7646 15.51198365521650
CELTEE 1                
1 41850U 16067C   26129.55112054  .00003907  00000+0  18879-3 0  9995
2 41850  98.0724 353.4849 0001938  62.7699 297.3731 15.19302385520013
OPTICUBE 04             
1 41851U 16067D   26129.50110096  .00001210  00000+0  79810-4 0  9993
2 41851  98.0744 339.7628 0014257 246.4246 113.5484 15.09496741519331
AEROCUBE 8D             
1 41852U 16067E   26129.55124972  .00005232  00000+0  22027-3 0  9992
2 41852  98.0738 356.7904 0001872 267.3676  92.7345 15.23859766520184
AEROCUBE 8C             
1 41853U 16067F   26129.18844752  .00005921  00000+0  24706-3 0  9998
2 41853  98.0606 353.6790 0005159 179.6338 180.4902 15.24093372520122
CORVUS BC2              
1 42846U 17042X   26129.39625843  .00002982  00000+0  20813-3 0  9995
2 42846  97.4038 292.2700 0011958 241.8841 118.1179 15.06048696481221
CORVUS BC1              
1 42847U 17042Y   26129.39527538  .00003122  00000+0  21672-3 0  9999
2 42847  97.4070 293.0577 0011149 215.5186 144.5301 15.06221332481254
MAKERSAT 0              
1 43016U 17073D   26129.16765687  .00019438  00000+0  54475-3 0  9990
2 43016  97.4679  11.4219 0112297  52.5361 308.6029 15.30445615460495
SIRION PATHFINDER-2     
1 43759U 18099B   26129.39486081  .00003614  00000+0  20134-3 0  9990
2 43759  97.4283 179.3789 0010456  78.3945 281.8460 15.14194597406756
CORVUS BC4              
1 43767U 18099K   26129.08457701  .00003565  00000+0  21011-3 0  9992
2 43767  97.4098 173.2129 0009695 130.2612 229.9468 15.12176624406493
M2 PATHFINDER           
1 45727U 20037E   26129.47388274  .00002332  00000+0  17096-3 0  9995
2 45727  97.8168 320.2722 0010398 285.5873  74.4204 15.04507366319677
NETSAT-4                
1 46504U 20068U   26129.47832580  .00012989  00000+0  30057-3 0  9998
2 46504  97.8626 134.6502 0007683  99.3778 260.8337 15.42588899309805
NETSAT-3                
1 46505U 20068V   26129.51910941  .00013237  00000+0  31904-3 0  9991
2 46505  97.8673 132.9615 0007450 111.9555 248.2483 15.41358441309720
NETSAT-1                
1 46506U 20068W   26129.52235206  .00009245  00000+0  28610-3 0  9991
2 46506  97.8759 127.7407 0006575 131.0068 229.1743 15.33706793309372
NETSAT-2                
1 46507U 20068X   26129.50223792  .00016635  00000+0  36199-3 0  9999
2 46507  97.8641 134.4408 0006084 119.5540 240.6314 15.44373450309767
GREENCUBE (IO-117)      
1 53109U 22080E   26127.87446985 -.00000003  00000+0  00000+0 0  9991
2 53109  70.1441 312.2716 0008862 299.1563  60.8210  6.42583336 89473
SITRO-AIS 5 (KATYS)     
1 57176U 23091L   26129.19533788  .00009579  00000+0  34678-3 0  9995
2 57176  97.5079 192.7476 0010420 234.1855 125.8416 15.28570463158389
SITRO-AIS 6 (CHIRKIN)   
1 57192U 23091AC  26129.15208926  .00004649  00000+0  18778-3 0  9998
2 57192  97.5087 192.0248 0010602 238.4643 121.5560 15.25222549158334
SITRO-AIS 8 (ANOKHIN)   
1 57193U 23091AD  26129.14768875  .00010389  00000+0  34791-3 0  9993
2 57193  97.5073 194.1349 0009720 229.5526 130.4868 15.31094440158474
SITRO-AIS 7 (FARTUSHNIY)
1 57194U 23091AE  26129.14749932  .00005511  00000+0  22396-3 0  9996
2 57194  97.5085 191.8647 0010408 239.6232 120.3977 15.24930806158324
SITRO-AIS 10 (BURDAEV)  
1 57199U 23091AK  26129.14270576  .00016345  00000+0  45086-3 0  9992
2 57199  97.5094 198.7954 0006675 199.3863 160.7128 15.37159842158760
SITRO-AIS 9 (SHCHUKIN)  
1 57201U 23091AM  26129.15727922  .00015961  00000+0  44675-3 0  9995
2 57201  97.5092 198.5696 0006894 199.9378 160.1597 15.36708006158757
SITRO-AIS 12 (SMIRENNIY)
1 57204U 23091AQ  26129.15518038  .00016221  00000+0  44989-3 0  9992
2 57204  97.5105 199.0106 0006687 193.7193 166.3871 15.36990760158779
SITRO-AIS 11 (SHEFFER)  
1 57208U 23091AU  26129.17891064  .00015721  00000+0  43067-3 0  9991
2 57208  97.5102 199.2579 0006615 193.2138 166.8934 15.37382217158791
SITRO-AIS 25            
1 59066U 24039R   26129.17820051  .00004469  00000+0  34739-3 0  9999
2 59066  95.3918 208.2912 0147656 104.3482 257.4187 14.93238209118902
SITRO-AIS 26            
1 59067U 24039S   26129.17433644  .00004608  00000+0  35967-3 0  9997
2 59067  95.3918 208.1941 0147984 104.8928 256.8739 14.93041004118897
SITRO-AIS 27            
1 59068U 24039T   26129.22241205  .00004487  00000+0  34748-3 0  9995
2 59068  95.3916 208.4809 0146959 103.4746 258.2904 14.93449439118924
SITRO-AIS 28            
1 59071U 24039U   26129.13374943  .00003800  00000+0  29452-3 0  9999
2 59071  95.3920 208.4653 0146745 103.6065 258.1553 14.93485288118919
GRBBETA                 
1 60237U 24128C   26129.19120141  .00002946  00000+0  20948-3 0  9990
2 60237  61.9913 353.0501 0045729 126.5070 234.0248 15.06321555100393
OOV-CUBE (TUBSAT-30)    
1 60240U 24128F   26128.99435892  .00001927  00000+0  15631-3 0  9994
2 60240  61.9964   2.2162 0049281 125.1581 235.4142 15.02576587100221
ROBUSTA-3A (MEDITERRAN*)
1 60243U 24128J   26129.09992152  .00006807  00000+0  40738-3 0  9994
2 60243  61.9878 346.4052 0046622 120.2962 240.2759 15.11069390100513
LASARSAT                
1 62391U 24247Q   26128.40835912  .00026509  00000+0  57535-3 0  9990
2 62391  44.9737 125.3066 0004564  82.0507 278.0899 15.43952708 77169
CROCUBE                 
1 62394U 24247T   26128.70880433  .00031054  00000+0  63709-3 0  9995
2 62394  44.9720 121.5399 0004132  85.4811 274.6551 15.45536838 77236
FORESAIL-1 PRIME        
1 66778U 25276DS  26129.44733301  .00003486  00000+0  17301-3 0  9996
2 66778  97.4205 203.4360 0001425 200.9720 159.1456 15.18347276 24521
KNACKSAT-2              
1 67683U 98067XZ  26129.42084154  .00034901  00000+0  48308-3 0  9990
2 67683  51.6279 128.9489 0012674  55.0153 305.2027 15.56677774 14236
